BveTs Map 2.02

#ホーム上の小物（ダイヤに寄って変更するもの意外）

#三ノ輪
3086;
structure['EN'].Put(0,-5.3,1.08,0,0,5,0,3,100);
3087.6;
structure['EN'].Put(0,-5.3,1.08,0,0,5,0,3,100);

3092;
structure['EN'].Put(0,-5.3,1.08,0,0,5,0,3,100);
3093.6;
structure['EN'].Put(0,-5.3,1.08,0,0,5,0,3,100);
3095.2;
structure['EN'].Put(0,-5.3,1.08,0,0,5,0,3,100);
3104;
structure['situgaiki'].Put(0,0.1,0,0,0,5,0,3,100);
3110;
structure['EN'].Put(0,-5.3,1.08,0,0,5,0,3,100);
3111.6;
structure['EN'].Put(0,-5.3,1.08,0,0,5,0,3,100);
3113.2;
structure['EN'].Put(0,-5.3,1.08,0,0,5,0,3,100);
3117;
structure['sumaho'].Put(0,-6.8,-0.35,0,0,5,0,3,100);
3119;
structure['jihanki'].Put(0,-6.8,-0.7,0,0,5,0,3,100);
3117;
structure['Flashback'].Put(0,-6.8,-0.4,0,0,5,0,3,100);
3120;
structure['ikisaki'].Put(0,-3.4,0.4,0,0,5,0,3,100);
